00101
00201
00204
00301
00302
00304
00401
00501
00502
00503
00601
00701
00801
00802
00803
00804
00805
00901
00902
01001
01101
01201
01202
01301
01401
01402
01404
01501
01502
01505
01601
01603
01604
01605
01701
01703
01704
01705
01801
01901
01903
01904
01905
02001
02004
02005
02201
02301
02302
02303
02501
02601
02603
02604
02801
02802
02803
02804
02901
03001
03002
03003
03101
03103
03104
03106
03202
03301
03401
03501
03701
03702
03801
03802
03803
03804
03901
04001
04002
04102
04201
04205
04301
04303
04305
04402
04602
04705
04902
05002
05202
05302
05602
05604
05701
05702
05801
05802
05803
05901
06001
06002
06102
06201
06402
06403
06603
07105
07304
07401
